-1 D-0 0 -1.2515239
-1 D-1 0 -1.1873988
-1 D-2 0 -0.40211553
-1 D-3 0 -0.70611414
-1 D-4 0 -1.6135502
-1 D-5 0 -1.4820802
-1 D-6 0 -1.5963165
1.0 D-7 1 1.2468718
1.0 D-8 1 0.65709083
1.0 D-9 1 0.43038064
-1 D-10 0 -1.2892623
-1 D-11 0 -0.39108458
1.0 D-12 1 0.81993716
1.0 D-13 1 0.48377296
0.0 D-14 1 0.26606
1.0 D-15 1 0.50745496
-1 D-16 0 -0.3629601
1.0 D-17 1 0.86272497
0.0 D-18 0 -1.0970163
0.0 D-19 0 -0.09865464
1.0 D-20 1 0.61240132
-1 D-21 0 -0.17128615
-1 D-22 0 -0.45303579
-1 D-23 0 -0.71721533
-1 D-24 0 -0.35020039
-1 D-25 0 -0.27040705
-1 D-26 0 -0.032909635
0.0 D-27 1 0.40289134
-1 D-28 0 -0.17302917
0.0 D-29 1 0.70168552
1.0 D-30 1 0.8437736
1.0 D-31 1 0.32183516
1.0 D-32 1 0.49892974
-1 D-33 0 -1.0313153
0.0 D-34 1 0.96294774
